116,116,117
130,126,128
125,124,123
106,102,97
124,121,118
176,165,158
121,114,105
176,172,151
86,49,24
104,64,34
87,52,26
99,129,161
58,46,37
149,129,94
149,142,139
149,144,138
99,99,97
144,129,128
136,126,107
172,171,170
153,139,120
112,102,93
99,88,77
131,123,120
55,53,49
136,114,90
176,62,51
157,152,139
120,123,127
115,104,99
79,66,55
137,112,94
140,91,66
110,92,77
110,93,77
124,106,92
145,128,102
65,68,75
87,97,92
84,112,124
169,144,141
100,106,83
107,108,79
109,109,76
100,97,84
120,122,120
76,85,55
147,153,128
140,145,141
133,127,120
73,68,65
115,112,101
84,85,86
120,121,118
180,183,168
159,153,138
97,100,96
142,139,132
105,100,93
122,128,115
100,117,74
94,93,89
127,124,122
78,96,52
103,105,93
158,159,153
101,112,75
69,70,68
129,136,118
158,168,143
154,172,113
138,141,141
125,130,131
101,105,101
138,142,135
136,134,109
111,125,133
116,127,143
108,126,83
119,119,114
135,128,121
138,143,145
137,155,116
101,119,96
71,95,134
79,90,95
113,109,100
110,124,137
150,151,146
146,149,142
80,85,88
85,87,84
147,153,154
163,148,153
125,130,111
137,139,135
146,150,143
134,147,99
64,67,61
128,129,120
55,52,47
90,83,73
153,142,138
132,131,131
112,112,111
112,112,105
106,106,106
178,176,168
111,94,80
87,80,77
208,177,166
122,126,131
109,106,102
125,107,84
121,109,112
145,128,128
164,156,146
143,145,122
99,113,76
88,114,144
89,105,83
120,135,134
122,118,113
123,113,101
154,151,143
108,114,87
135,128,115
118,128,140
151,160,170
158,168,179
127,132,135
142,146,147
123,116,114
136,115,94
17,19,22
44,38,32
54,46,41
65,64,61
120,109,94
86,49,21
180,120,108
76,64,56
131,124,115
126,124,122
154,155,151
134,127,111
120,97,75
98,116,132
168,168,168
82,79,81
112,120,121
122,127,137
145,145,141
99,99,98
166,81,88
99,93,90
7,5,17
116,103,92
106,99,91
76,98,60
129,124,116
148,129,124
59,52,39
152,138,141
149,136,119
188,142,133
71,67,65
133,124,119
120,103,84
121,112,103
132,131,128
118,118,115
113,107,101
140,136,131
109,95,86
121,104,74
132,124,115
139,102,83
110,91,57
116,114,113
93,82,70
140,140,138
130,125,130
130,135,144
124,128,138
131,98,82
107,109,113
126,110,97
106,130,158
133,140,150
104,102,101
160,159,154
114,106,104
127,121,117
106,90,76
119,101,80
118,112,108
23,15,11
109,64,55
77,75,72
126,110,90
152,104,66
140,98,62
156,105,62
157,103,60
164,108,59
145,127,106
146,119,96
115,95,74
70,42,26
129,121,115
117,108,103
134,124,118
121,118,115
123,113,111
61,44,34
101,100,101
124,110,117
109,110,113
118,96,60
80,69,65
140,138,133
117,118,108
67,74,59
106,118,74
121,130,60
91,96,85
78,82,75
109,110,105
99,111,91
104,106,106
79,79,77
166,138,99
106,111,94
60,82,21
80,101,57
125,118,113
119,137,85
140,138,105
127,132,109
104,96,102
153,163,169
114,97,85
116,126,86
97,104,105
97,112,126
117,122,107
137,142,132
128,133,110
118,118,113
131,129,125
132,108,91
129,131,133
66,58,45
90,123,157
90,85,76
107,110,110
113,104,97
125,127,123
133,128,130
134,128,130
95,99,107
129,127,118
79,77,76
101,122,155
102,121,146
123,125,123
102,121,90
135,133,129
139,136,132
146,144,140
129,124,118
137,140,139
121,123,122
134,126,116
126,121,116
108,104,94
135,129,122
107,109,114
130,128,126
7,5,7
130,129,126
115,118,122
89,103,93
103,102,111
80,84,63
84,90,70
122,125,118
112,103,94
98,98,75
40,46,35
100,104,101
109,100,85
118,117,116
108,121,120
92,98,91
125,120,63
92,93,84
80,62,43
94,81,78
120,112,88
117,111,94
102,87,77
125,117,99
125,119,111
115,110,105
131,116,104
106,93,80
122,104,89
106,83,59
143,86,69
129,133,131
111,99,89
157,124,93
121,88,59
118,106,97
121,115,105
106,111,115
99,100,98
106,110,113
120,118,115
154,140,133
131,123,118
125,126,99
116,107,85
109,72,50
127,103,85
123,122,121
148,126,106
125,97,66
104,69,37
118,95,75
138,101,73
110,95,81
171,128,83
107,79,57
58,51,44
135,115,92
95,83,74
123,102,79
172,127,76
158,101,62
118,99,90
131,110,99
99,80,70
91,79,63
58,44,25
86,78,69
134,85,39
137,78,43
97,63,43
123,128,106
91,60,67
111,116,80
142,119,100
132,122,95
124,116,89
129,96,65
151,143,126
142,132,121
117,99,83
155,137,119
106,89,64
126,97,81
106,90,69
108,84,48
82,74,60
130,109,76
121,95,74
105,96,83
122,97,75
103,54,36
113,83,62
